2.07439
-58.6586
-9.42186
16.4366
5.67306
-61.1046
60.1732
71.0317
-5.9253
-51.8109
9.15947
16.8688
20.2117
8.28591
3.98217
29.8855
-28.6045
-78.7604
20.0129
87.09
-9.7215
76.7508
8.02861
-18.877
-9.18261
12.2741
46.5315
-39.1277
-35.944
7.29562
16.6721
-29.0322
96.6747
26.0775
-98.844
52.2362
24.4002
39.5311
-98.4675
-41.7068
44.6346
10.7809
-5.05661
32.2324
-4.94255
-37.0229
-40.1793
35.1768
62.8431
-61.2293
20.4517
-3.09608
1.36204
26.1761
-51.6733
10.0596
12.809
17.4034
5.25085
-1.00986
0.969614
28.3753
16.8399
-51.9244
85.7288
46.8602
-53.3364
-25.3683
-51.5072
82.487
-8.22518
43.2291
17.0152
-6.38763
-20.0381
-11.1911
25.2154
3.94564
-27.1119
61.8295
-51.2116
-9.81563
0.99702
-41.4687
-5.94256
-20.3157
73.0389
9.7197
-62.8823
30.0814
1.568
-11.7788
6.69722
57.9705
43.9484
-92.7953
12.4047
7.23216
8.31273
6.91724
-1.68616
28.7863
-48.3217
-6.46783
82.1503
-5.01672
-21.6484
-7.27522
39.0458
-24.482
16.5053
20.6611
-91.0645
18.1877
13.3946
-12.9712
-6.75505
-25.7598
14.5928
16.8286
23.1241
41.3971
-30.2619
-28.3776
12.2918
23.1645
-3.31136
-18.8565
2.9536
-30.6649
47.4964
10.9786
-78.368
48.3975
-2.00346
-40.2518
80.2863
-32.8905
12.815
-39.593
35.9427
-66.0316
37.8899
51.4702
-44.6421
52.8895
22.212
-22.0236
31.4491
-35.1631
-2.28598
-30.5382
32.468
26.6567
68.3624
-84.665
50.3231
54.5908
-69.5019
-27.4384
9.01522
-81.8126
8.87656
16.7384
-65.1183
61.9614
-40.8266
5.59229
-58.792
15.9612
19.6583
-77.3684
50.1133
-54.9718
53.3236
35.7178
-37.5175
52.6338
-13.1099
-25.8428
-79.998
50.0395
-13.6951
43.106
-27.6994
65.1716
7.02789
-121.187
-60.1122
40.7541
-12.8614
46.0968
41.8422
-52.0015
-0.36719
-30.6618
17.7481
-69.2763
14.8091
60.8055
-68.6155
-9.98554
-6.72314
2.75631
57.3663
-45.8663
36.155
-25.1627
-71.5156
15.3209
72.8299
16.7948
-41.1548
19.8659
-7.85798
-31.7735
-70.0802
27.4997
20.2433
7.03022
-37.537
84.5833
-35.1001
-95.4574
68.959
40.6577
-42.6741
-32.8743
56.3667
33.3552
-47.1431
5.466
-31.5578
80.5315
-20.7062
3.98133
40.9475
-46.46
49.6016
-93.8645
70.5911
-111.429
17.9182
28.4225
-32.3055
-13.9461
101.626
-35.8452
37.0066
-66.0889
6.65238
-13.8169
-19.0232
21.9554
6.41812
2.85718
-8.14842
49.4301
26.6901
-85.4715
-35.4925
39.5293
57.6109
28.6133
-70.8587
21.6814
-43.547
46.2066
-2.37513
7.15995
-68.9516
-3.96254
32.6213
-25.7181
-36.715
123.502
-51.2494
-38.6835
-9.42851
-28.5051
8.39335
61.0257
21.8184
31.0947
-33.446
29.4956
-29.9275
-57.0778
-37.5378
-15.7358
-20.7587
-14.4282
28.0821
-19.3463
15.9338
-72.2277
-1.29502
71.6881
-38.9953
16.9189
-3.8119
-45.9215
37.2149
-44.284
61.8709
-12.9715
-24.0527
4.48
-18.6574
9.92652
6.22685
-25.1996
-71.0154
12.5842
26.0526
-17.4525
-34.6338
-60.4989
5.75106
-12.6155
-70.4673
8.952
70.5758
39.6942
-12.4848
-10.515
53.8285
22.2889
-64.987
-5.83302
0.52042
48.0299
3.60691
16.5447
-21.2854
-2.53521
4.35618
-24.6258
5.16835
-19.8475
-113.222
-72.8867
19.7741
68.6
41.4102
3.12627
-46.1846
-0.761238
86.0527
-11.977
-26.0293
53.2007
52.3009
29.2491
-19.4908
4.46495
-14.7688
-49.4444
-5.69025
-25.9423
56.444
-7.76043
16.7886
7.66399
-60.1811
36.133
53.6877
-35.0504
44.5979
22.2821
-27.2045
56.5021
8.98624
20.7384
-54.5724
-48.4716
6.95771
14.054
-22.7048
-74.6903
48.61
-33.1412
-3.66826
-48.1359
-20.4638
-2.70308
-4.26428
-40.4155
50.583
-57.1985
-24.7197
0.0531655
39.6881
-103.931
-9.63333
89.8227
-1.45323
12.1165
-68.7113
-72.2868
52.5078
-8.32766
18.7152
-36.7862
-32.9677
-29.9935
-26.5255
2.17533
-10.7558
32.0041
-7.27586
-0.446357
-22.1089
46.0407
47.4139
-58.0494
-17.9319
103.636
-7.32363
-90.3478
-0.276969
34.456
1.00905
-39.8624
35.628
-67.4508
-8.05071
12.0996
-89.6336
-13.5215
14.6255
15.1998
24.9201
-17.6415
50.4656
-17.2868
-11.782
-6.5372
11.2641
-21.4579
7.99536
43.6746
-72.7057
132.256
-94.5067
-23.6492
115.723
35.6761
-102.922
25.341
-42.4897
67.3848
-68.0342
38.5363
-14.4905
40.4739
113.449
-21.8418
-42.0369
71.2152
3.33585
-33.7905
1.52156
19.6624
-48.1773
-40.218
-22.6267
-32.4205
21.3203
11.4958
48.6272
-52.7513
34.5014
7.54306
-14.4896
132.509
-42.9506
-61.9958
48.7858
36.0822
78.4911
-4.44095
-10.7135
2.83937
47.7828
117.16
-103.57
-39.1447
43.7481
-27.5882
-20.1322
18.3141
-21.477
-45.6877
57.0771
-6.88937
-24.4818
1.98012
42.1016
-19.1566
-7.97653
76.9217
47.8098
-30.3274
48.7315
-72.1642
-57.7484
32.1448
19.3723
-37.2816
-11.0295
-41.0741
25.5807
-30.0178
35.4023
-57.3241
-7.92559
26.9342
-56.4454
-47.3492
56.9195
3.7655
26.0854
98.47
6.61001
11.3207
16.0787
31.0275
-14.6838
4.81372
36.8606
-53.8495
-6.93454
30.8048
-51.8544
-13.126
119.719
-23.5147
-49.2659
5.37544
-27.3045
35.5013
7.29371
16.663
-7.13651
54.6457
-4.41098
-68.0395
7.43768
11.1164
21.3749
37.5204
-19.8574
-7.98756
-34.9634
8.55243
31.0426
0.287173
-9.13178
2.01453
-62.3524
9.19198
103.879
-26.5005
10.4335
63.4749
44.7974
-56.1437
19.4388
-25.941
54.1956
13.7335
8.35799
-9.96363
57.0979
-27.4367
-28.5231
105.294
-49.534
-41.1307
-0.245627
-9.14602
-70.9481
-127.819
33.9552
18.5936
-52.131
49.5431
47.5211
-21.8823
18.9681
67.083
17.6739
-3.62178
-77.13
19.5839
-23.0729
27.684
-11.3066
-17.2415
80.9915
32.9437
-4.42278
60.6575
-54.9878
-80.8999
86.8405
-19.3544
-74.7281
-27.1993
6.22936
-28.5593
-65.9597
48.0158
45.5996
-98.0048
41.7354
12.1403
-9.90255
28.7529
5.51837
85.6137
-29.9409
-16.388
-6.2787
25.3823
14.4342
32.2691
-27.7116
-8.63868
56.4495
-82.2346
33.477
2.40008
-44.9735
30.8696
-4.9517
-62.2808
-8.86158
56.1362
-40.6616
-54.9557
98.8326
80.5654
-64.2145
-5.21625
-42.4787
4.53744
-3.81469
-9.04041
53.4637
-48.0357
34.5604
-52.471
70.9822
7.68446
-38.89
29.063
-78.8685
0.211623
-27.751
24.9304
-19.7477
16.0937
32.2178
-24.7075
26.6173
9.94948
23.5882
-71.3723
-15.8622
51.0423
22.2002
-52.1476
36.5459
22.887
-22.5045
2.66614
16.122
38.044
8.39161
50.0882
17.8539
-9.42568
-3.23612
-80.5755
4.71025
39.6801
-2.42699
33.8751
-5.66014
-118.378
-20.1039
-23.0245
-40.5618
90.9713
11.3945
-3.41269
-43.7275
60.6524
39.7359
-0.99376
-29.7276
-13.3105
15.9514
-29.8303
14.1768
42.9713
45.134
-9.87614
-0.0669594
113.35
-75.6852
-44.5168
-3.42465
-4.64141
31.4937
6.27604
9.21304
-28.2245
-68.2711
-15.8401
50.6472
19.6509
48.5913
-45.0667
54.0594
-46.7371
45.3272
41.6707
-38.939
29.1437
-0.407974
-29.0942
-56.6345
68.6578
46.7764
-42.7516
4.85678
38.2671
31.3233
-18.6826
-41.5053
-13.3548
-34.4285
19.7333
34.7585
-10.2488
-127.004
-13.1682
8.66944
82.5549
-9.25697
-8.35872
-52.5546
32.8523
33.4117
-69.0954
-68.9376
-6.40156
-0.959881
10.3214
40.0143
-43.9059
20.427
21.9401
-9.71506
41.5901
83.1897
-18.6608
-8.55678
5.3912
-11.7911
-3.13943
37.0977
19.1981
3.4483
-73.4325
5.66501
60.5806
-10.5723
-26.8861
-69.5713
-54.084
-6.01528
34.0678
-101.913
14.3925
64.663
-39.6414
16.3872
2.22386
-50.0393
8.09062
15.7771
-13.6631
8.31315
32.8411
-19.5409
-5.60364
28.7896
-25.6625
24.0109
73.17
-6.86163
-80.8987
95.6951
31.4991
34.3961
28.2566
