1.11035e+06
-226521
-151573
114688
-10844.7
-2060.95
9325.69
1887.12
-9107.95
3499.97
-2046.08
4761.93
-4129.87
6342.11
-5348.47
-1971.54
-5348.47
6342.11
-4129.87
4761.93
-2046.08
3499.97
-9107.95
1887.12
9325.69
-2060.95
-10844.7
114688
-151573
-226521
-223446
-268626
201873
-58231.7
8696.2
-1673.53
3140.01
-7411.74
7238.63
192.465
-3104.59
2944.03
3728.89
-4699.74
-56.767
2909.67
320.795
-5472.03
6150.66
-4429.91
-1360.26
-926.933
2297.03
8663.47
-12515.3
3571.99
7256.57
24770.8
-108803
462525
-157966
202139
-94615.7
11305
-7428.75
828.669
491.498
4860.58
-2362.31
-2504.31
5589.57
-1951.85
-3760.41
493.79
2119.68
-7730.54
329.389
3565.81
-7050.25
504.638
5002.39
-8113.56
4168.61
-10275.9
6702.99
-4471.02
10418.5
-2513.6
-8481.2
-105718
115641
-58905.5
6684.48
-2117.26
1370.71
2703.55
-1663.97
-5232
464.785
5181.48
-2830.15
-5415.39
4170.69
-2645.81
-7614.06
4607.08
983.364
-2419.14
855.936
-932.46
-9795.59
2328.64
-8293.21
5259.91
-4370.83
-7976.1
11499.6
-15702.8
-7375.18
27632.7
-14493.9
3634.01
2414.81
2442.07
2165.26
-9391.23
-1249.58
1566.91
5277.9
-4139.42
-2326.76
8327.59
-6128.88
-1155.68
7668.44
-8342.58
-3668.56
6452.77
-9335.45
-1471.31
12494.1
-6027.39
2694.19
247.645
-888.083
7834.38
-8090.29
2739.69
22033.9
8510.58
409.537
767.683
124.379
-2264.22
-6230.43
1536.41
855.209
5152.57
-4148.91
-3120.81
8947.02
-10024.8
-5369.61
10910.5
-14844.6
-951.635
6861.74
-9977.4
2567.85
13134.3
-7712.76
-4588.79
2303.79
-1444.87
591.073
-10880
7144.97
3969.9
-5721.5
-291.269
-2341.19
1187.58
-8379.35
818.095
3659.41
-6379.77
2431.96
-2754.6
-4930.9
8804.81
-6295.59
-5958.62
14159.6
-12617.9
5717.26
2585.85
-9652.53
2473.13
3089.87
-10734.4
-1481.74
1680.89
4458.21
-2490.23
850.209
5299.79
1251.01
-5749.19
5629.36
-321.567
4682.47
-11248.6
3931.12
4414.52
-11114.5
2916.33
-140.683
-5140.61
6341.34
-1462
262.955
7757.49
-9718.27
5224.76
-1382.29
-7617.88
4778.9
-5932.69
-10557.4
8305.14
-1784.39
4261.82
-6027.66
2419.28
4012.4
-5092.53
-5163.84
1161.09
-3163.16
510.892
-11453.7
8436.21
-1460.7
-8822.93
9156.65
-2118.1
-3269.49
3847.69
-1715.83
-3839.67
7375.21
-9403.94
-1011.39
-746.877
-4513.43
7607.04
-10596.3
-1674.73
12582.8
-2605.48
-6236.64
-3256.2
1232.26
2705.75
-6179.25
-1417.25
-1176.56
-2343.54
2846.72
-573.768
5481.61
2388.86
-8406.76
11165.7
-6133.83
-555.532
-47.3953
-564.597
-3338.06
5461.77
-5188.64
-5239.59
4316.59
-2629.28
1249.26
-4349.25
1493.47
9766.24
-3001.28
-4186.91
-608.955
6521.69
5778.45
-2953.89
-1400.53
180.176
5394
1029.58
-1547.98
-6338.58
5077.7
-8798.2
5452.01
-1077.37
-282.296
730.505
-1644.43
1627.3
-1394.42
2467.61
-10565.2
4782.67
775.032
-7785.78
5228.59
-2173.64
899.936
-5669.18
-4856.25
2738.23
5647.03
1121.95
-2538.82
-1682.57
857.191
4132.29
-5281.87
-7342.71
5754.37
-201.044
-5542.59
3573.53
5987.55
-5604.07
3749.57
-1855.08
2445.81
-7604.08
5945.21
-6227.28
1769.79
799.062
-7622.61
3288.73
3305.88
-10613.4
-3487.64
-1824.48
3935.3
573.741
-6357.81
-4014.17
-2938.12
-4701.27
3236.71
-4908.44
-11395.9
6162.52
2066.59
-5738.74
2393.28
5828.98
-11263.3
3333.62
-3357.94
-1719.33
-5708.22
5647.9
-5613.83
-5230.8
9.61838
-970.344
-6311.53
4489.03
-8515.48
-2328.78
5735.38
354.395
-3795.7
-7702.53
100.165
1578.99
-6463.9
4876.2
-2718.12
-2716.06
993.398
9131.84
-10841.7
-52.5638
-5586.25
-13631.7
4212.51
-1255.06
-2907.61
-3744.21
2553.38
-5177.72
-7178.14
1292.81
-1542.93
-5130.97
-400.002
885.791
-3059.67
603.167
-836.224
-4703.28
-195.205
201.05
-984.4
-2494.6
6234.08
-4477.68
-517.717
-259.149
5910.72
-7959.07
2875.49
5422.46
-5586.25
5422.46
2875.49
-7959.07
5910.72
-259.149
-517.717
-4477.68
6234.08
-2494.6
-984.4
201.05
-195.205
-4703.28
-836.224
603.167
-3059.67
885.791
-400.002
-5130.97
-1542.93
1292.81
-7178.14
-5177.72
2553.38
-3744.21
-2907.61
-1255.06
4212.51
-13631.7
2393.28
-52.5638
-10841.7
9131.84
993.398
-2716.06
-2718.12
4876.2
-6463.9
1578.99
100.165
-7702.53
-3795.7
354.395
5735.38
-2328.78
-8515.48
4489.03
-6311.53
-970.344
9.61838
-5230.8
-5613.83
5647.9
-5708.22
-1719.33
-3357.94
3333.62
-11263.3
5828.98
-5542.59
-5738.74
2066.59
6162.52
-11395.9
-4908.44
3236.71
-4701.27
-2938.12
-4014.17
-6357.81
573.741
3935.3
-1824.48
-3487.64
-10613.4
3305.88
3288.73
-7622.61
799.062
1769.79
-6227.28
5945.21
-7604.08
2445.81
-1855.08
3749.57
-5604.07
5987.55
3573.53
5077.7
-201.044
5754.37
-7342.71
-5281.87
4132.29
857.191
-1682.57
-2538.82
1121.95
5647.03
2738.23
-4856.25
-5669.18
899.936
-2173.64
5228.59
-7785.78
775.032
4782.67
-10565.2
2467.61
-1394.42
1627.3
-1644.43
730.505
-282.296
-1077.37
5452.01
-8798.2
5481.61
-6338.58
-1547.98
1029.58
5394
180.176
-1400.53
-2953.89
5778.45
6521.69
-608.955
-4186.91
-3001.28
9766.24
1493.47
-4349.25
1249.26
-2629.28
4316.59
-5239.59
-5188.64
5461.77
-3338.06
-564.597
-47.3953
-555.532
-6133.83
11165.7
-8406.76
2388.86
-11453.7
-573.768
2846.72
-2343.54
-1176.56
-1417.25
-6179.25
2705.75
1232.26
-3256.2
-6236.64
-2605.48
12582.8
-1674.73
-10596.3
7607.04
-4513.43
-746.877
-1011.39
-9403.94
7375.21
-3839.67
-1715.83
3847.69
-3269.49
-2118.1
9156.65
-8822.93
-1460.7
8436.21
4682.47
510.892
-3163.16
1161.09
-5163.84
-5092.53
4012.4
2419.28
-6027.66
4261.82
-1784.39
8305.14
-10557.4
-5932.69
4778.9
-7617.88
-1382.29
5224.76
-9718.27
7757.49
262.955
-1462
6341.34
-5140.61
-140.683
2916.33
-11114.5
4414.52
3931.12
-11248.6
-2341.19
-321.567
5629.36
-5749.19
1251.01
5299.79
850.209
-2490.23
4458.21
1680.89
-1481.74
-10734.4
3089.87
2473.13
-9652.53
2585.85
5717.26
-12617.9
14159.6
-5958.62
-6295.59
8804.81
-4930.9
-2754.6
2431.96
-6379.77
3659.41
818.095
-8379.35
1187.58
409.537
-291.269
-5721.5
3969.9
7144.97
-10880
591.073
-1444.87
2303.79
-4588.79
-7712.76
13134.3
2567.85
-9977.4
6861.74
-951.635
-14844.6
10910.5
-5369.61
-10024.8
8947.02
-3120.81
-4148.91
5152.57
855.209
1536.41
-6230.43
-2264.22
124.379
767.683
-14493.9
8510.58
22033.9
2739.69
-8090.29
7834.38
-888.083
247.645
2694.19
-6027.39
12494.1
-1471.31
-9335.45
6452.77
-3668.56
-8342.58
7668.44
-1155.68
-6128.88
8327.59
-2326.76
-4139.42
5277.9
1566.91
-1249.58
-9391.23
2165.26
2442.07
2414.81
3634.01
115641
27632.7
-7375.18
-15702.8
11499.6
-7976.1
-4370.83
5259.91
-8293.21
2328.64
-9795.59
-932.46
855.936
-2419.14
983.364
4607.08
-7614.06
-2645.81
4170.69
-5415.39
-2830.15
5181.48
464.785
-5232
-1663.97
2703.55
1370.71
-2117.26
6684.48
-58905.5
-157966
-105718
-8481.2
-2513.6
10418.5
-4471.02
6702.99
-10275.9
4168.61
-8113.56
5002.39
504.638
-7050.25
3565.81
329.389
-7730.54
2119.68
493.79
-3760.41
-1951.85
5589.57
-2504.31
-2362.31
4860.58
491.498
828.669
-7428.75
11305
-94615.7
202139
-223446
462525
-108803
24770.8
7256.57
3571.99
-12515.3
8663.47
2297.03
-926.933
-1360.26
-4429.91
6150.66
-5472.03
320.795
2909.67
-56.767
-4699.74
3728.89
2944.03
-3104.59
192.465
7238.63
-7411.74
3140.01
-1673.53
8696.2
-58231.7
201873
-268626
